,lat_distance,lon_distance,x_distance,el,slope_angle,aspect,cardinal,aspect_x,aspect_y,el_ft,drop,tree_cover
0,0.0,0.0,0.0,3332.878662109375,23.178055572028942,203.11306608596573,SSW,-0.9197320024082348,-0.3925468682159351,10934.641629794922,,BTL
1,-1.7034296383516234,-0.7270334923763284,1.8520934727630955,3332.085693359375,23.178055572028942,203.11306608596573,SSW,-0.9197320024082348,-0.3925468682159351,10932.040026201172,-2.601603593750042,BTL
2,-3.406859097128871,-1.4540669081092883,3.704186750279777,3331.29052734375,23.23547697008841,203.11306608596573,SSW,-0.9197320024082348,-0.3925468682159351,10929.431213730468,-2.608812470703924,BTL
3,-5.110288376545741,-2.1811002472902152,5.556279832782717,3330.4931640625,23.29284900614686,203.11306608596573,SSW,-0.9197320024082348,-0.3925468682159351,10926.815192382812,-2.6160213476559875,BTL
4,-6.813717477997064,-2.908133510514431,7.40837272178848,3329.693603515625,23.35017161445185,203.11306608596573,SSW,-0.9197320024082348,-0.3925468682159351,10924.191962158204,-2.6232302246080508,BTL
5,-8.517146402020364,-3.6351666980113535,9.2604654178815,3328.91845703125,22.710512932415515,203.11306608596573,SSW,-0.9197320024082348,-0.3925468682159351,10921.648830566406,-2.5431315917976463,BTL
6,-10.220575163006046,-4.36219981624906,11.112557936836117,3328.236328125,20.218840328369286,203.11306609524607,SSW,-0.919732002344653,-0.39254686836490654,10919.410874765625,-2.237955800781492,BTL
7,-11.924003776801726,-5.089232871339064,12.964650295626946,3327.546630859375,20.424734966214803,203.11306608596573,SSW,-0.9197320024082348,-0.3925468682159351,10917.148088388672,-2.2627863769521355,BTL
8,-13.627432239650597,-5.8162658620041086,14.816742490297347,3326.849609375,20.62346472680411,203.11306608596573,SSW,-0.9197320024082348,-0.3925468682159351,10914.861272421875,-2.2868159667978034,BTL
9,-15.330860547370065,-6.543298786459038,16.6688345162997,3326.1455078125,20.81507844594124,203.11306608596573,SSW,-0.9197320024082348,-0.3925468682159351,10912.551227851562,-2.310044570313039,BTL
10,-17.034288701484193,-7.270331645354331,18.520926375291076,3325.433837890625,21.01936932164084,203.11306608596573,SSW,-0.9197320024082348,-0.3925468682159351,10910.216352705078,-2.3348751464836823,BTL
11,-18.73771669151872,-7.997364434219515,20.37301805588309,3324.675537109375,22.265635280172265,203.11306608596573,SSW,-0.9197320024082348,-0.3925468682159351,10907.728489169922,-2.487863535156066,BTL
12,-20.441144502619437,-8.724397146714727,22.22510954192516,3323.83837890625,24.323298519209636,203.11306608596573,SSW,-0.9197320024082348,-0.3925468682159351,10904.981907050782,-2.74658211913993,BTL
13,-22.1445721232434,-9.45142977944179,24.077200821466928,3322.992431640625,24.548667396016018,203.11306612945307,SSW,-0.9197320021102925,-0.39254686891401,10902.206489423828,-2.77541762695364,BTL
14,-23.84799954979091,-10.178462327807498,25.929291889394584,3322.137939453125,24.767002640405504,203.11306608596573,SSW,-0.9197320024082348,-0.3925468682159351,10899.403037275391,-2.803452148436918,BTL
15,-25.55142678117479,-10.905494792876256,27.78138274512605,3321.274658203125,24.99077787764207,203.11306608596573,SSW,-0.9197320024082348,-0.3925468682159351,10896.57074961914,-2.832287656250628,BTL
16,-27.25485381410699,-11.632527173244704,29.633473385086308,3320.402587890625,25.213741423746246,203.11306608596573,SSW,-0.9197320024082348,-0.3925468682159351,10893.709626455078,-2.861123164062519,BTL
17,-28.95828064027513,-12.35955946569124,31.485563800365576,3319.474365234375,26.61891461064241,203.11306609524607,SSW,-0.919732002344653,-0.39254686836490654,10890.664276435547,-3.045350019530815,BTL
18,-30.661707245729644,-13.08659166360977,33.33765397554078,3318.499755859375,27.754302782767535,203.11306608596573,SSW,-0.9197320024082348,-0.3925468682159351,10887.466739013671,-3.1975374218764046,BTL
19,-32.365133624328784,-13.813623764705133,35.18974390406221,3317.523193359375,27.80160382811537,203.11306608596573,SSW,-0.9197320024082348,-0.3925468682159351,10884.262793701171,-3.2039453124998545,BTL
20,-34.06855977589981,-14.540655768903598,37.04183358574204,3316.544921875,27.842958898667227,203.11306608596573,SSW,-0.9197320024082348,-0.3925468682159351,10881.053241484375,-3.20955221679651,BTL
21,-35.7719856992105,-15.26768767567925,38.89392301924052,3315.564697265625,27.89018283348523,203.11306608596573,SSW,-0.9197320024082348,-0.3925468682159351,10877.837281376953,-3.215960107421779,BTL
22,-37.47541139443563,-15.994719485106687,40.74601220474768,3314.582763671875,27.931470414647514,203.11306608596573,SSW,-0.9197320024082348,-0.3925468682159351,10874.615714365234,-3.2215670117184345,BTL
23,-39.17883686603048,-16.721751199087443,42.59810114710761,3313.637451171875,27.039921049458428,203.11306608596573,SSW,-0.9197320024082348,-0.3925468682159351,10871.514295302733,-3.1014190625010087,BTL
24,-40.88226212122704,-17.448782820708175,44.45018985418348,3312.7109375,26.576664976873374,203.11306608596573,SSW,-0.9197320024082348,-0.3925468682159351,10868.4745521875,-3.0397431152341596,BTL
25,-42.5856871640611,-18.175814351691375,46.30227833036327,3311.8017578125,26.14615863032726,203.11306608596573,SSW,-0.9197320024082348,-0.3925468682159351,10865.491679101562,-2.9828730859371717,BTL
26,-44.28911199854667,-18.902845793750256,48.154366580011335,3310.890869140625,26.188748363133538,203.11306608596573,SSW,-0.9197320024082348,-0.3925468682159351,10862.503199111328,-2.9884799902338273,BTL
27,-45.99253662077657,-19.6298771452172,50.00645459887947,3309.97119140625,26.407278121038022,203.11306608596573,SSW,-0.9197320024082348,-0.3925468682159351,10859.48588361328,-3.0173154980475374,BTL
28,-47.69596102977278,-20.35690840600096,51.858542386032376,3309.04248046875,26.63101881633854,203.11306609524607,SSW,-0.919732002344653,-0.39254686836490654,10856.438931621095,-3.046951992186223,BTL
29,-49.399385210835675,-21.08393956917531,53.71062992523143,3307.9990234375,29.3966970158004,203.11306608596573,SSW,-0.9197320024082348,-0.3925468682159351,10853.015516054687,-3.4234155664071295,BTL
30,-51.10280914201483,-21.810970625697852,55.56271719273859,3306.928955078125,30.017752656623966,203.11306608596573,SSW,-0.9197320024082348,-0.3925468682159351,10849.504792978516,-3.5107230761714163,BTL
31,-52.80623282157041,-22.53800157482602,57.41480418666217,3305.8544921875,30.119576303182498,203.11306608596573,SSW,-0.9197320024082348,-0.3925468682159351,10845.979652148437,-3.525140830079181,BTL
32,-54.50965624615889,-23.26503241513277,59.266890903366836,3304.775634765625,30.22119050180917,203.11306608596573,SSW,-0.9197320024082348,-0.3925468682159351,10842.440093564453,-3.5395585839833075,BTL
33,-56.21307941649503,-23.99206314692317,61.11897734362974,3303.6923828125,30.322595201944704,203.11306608596573,SSW,-0.9197320024082348,-0.3925468682159351,10838.886117226562,-3.553976337891072,BTL
34,-57.91650232914918,-24.71909376873343,62.971063503721915,3302.6044921875,30.429406086127788,203.11306608596573,SSW,-0.9197320024082348,-0.3925468682159351,10835.316922148437,-3.569195078125631,BTL
35,-59.619924993517,-25.446124284573667,64.823149393859,3301.582763671875,28.883926030695278,203.11306608596573,SSW,-0.9197320024082348,-0.3925468682159351,10831.964794365234,-3.352127783202377,BTL
36,-61.32334741899121,-26.17315469845275,66.67523502425345,3300.561767578125,28.866555139472023,203.11306608596573,SSW,-0.9197320024082348,-0.3925468682159351,10828.615069541016,-3.349724824218356,BTL
37,-63.026769606199075,-26.90018501063839,68.52732039558728,3299.5400390625,28.883932818827095,203.11306608596573,SSW,-0.9197320024082348,-0.3925468682159351,10825.262941757812,-3.352127783204196,BTL
38,-64.73019155323931,-27.62721522184753,70.37940550639325,3298.516845703125,28.918667379056412,203.11306612945307,SSW,-0.9197320021102925,-0.39254686891401,10821.906008056641,-3.3569337011704192,BTL
39,-66.43361325539381,-28.354245327335796,72.23149035046958,3297.4638671875,29.619826657619637,203.11306609524607,SSW,-0.919732002344653,-0.39254686836490654,10818.451354023437,-3.4546540332048608,BTL
40,-68.13703470982223,-29.081275326766992,74.08357492507193,3296.393310546875,30.029112427570148,203.11306608596573,SSW,-0.9197320024082348,-0.3925468682159351,10814.93902897461,-3.512325048826824,BTL
41,-69.8404558999645,-29.80830521339935,75.93565921232302,3295.2392578125,31.927457306653594,203.11306608596573,SSW,-0.9197320024082348,-0.3925468682159351,10811.152766601563,-3.786262373047066,BTL
42,-71.5438768143658,-30.535334982343887,77.78774319976833,3294.078369140625,32.07953978346351,203.11306608596573,SSW,-0.9197320024082348,-0.3925468682159351,10807.344076611327,-3.808689990235507,BTL
43,-73.24729745012084,-31.262364632360608,79.639826884249,3292.910400390625,32.236522013724375,203.11306608596573,SSW,-0.9197320024082348,-0.3925468682159351,10803.512158017578,-3.8319185937489237,BTL
44,-74.95071780857305,-31.9893941640229,81.49191026722573,3291.735107421875,32.398348428730394,203.11306608596573,SSW,-0.9197320024082348,-0.3925468682159351,10799.656209833984,-3.8559481835945917,BTL
45,-76.65413788345379,-32.716423574655266,83.3439933418828,3290.552734375,32.554231478382086,203.11306608596573,SSW,-0.9197320024082348,-0.3925468682159351,10795.777033046876,-3.8791767871080083,BTL
46,-78.35755768672723,-33.443452869364094,85.19607612122851,3289.433349609375,31.148446728614132,203.11306608596573,SSW,-0.9197320024082348,-0.3925468682159351,10792.104510732423,-3.67252231445309,BTL
47,-80.06097724626638,-34.17048206004573,87.04815863556844,3288.48388671875,27.141769147727103,203.11306608596573,SSW,-0.9197320024082348,-0.3925468682159351,10788.989474902344,-3.115035830078341,BTL
48,-81.76439658686299,-34.89751115728144,88.900240911858,3287.53662109375,27.087918215640133,203.11306608596573,SSW,-0.9197320024082348,-0.3925468682159351,10785.881647949218,-3.1078269531262777,BTL
49,-83.46781570663269,-35.624540160266974,90.75232294804839,3286.591796875,27.02802274560581,203.11306608596573,SSW,-0.9197320024082348,-0.3925468682159351,10782.781830859374,-3.099817089843782,BTL
50,-85.17123460959077,-36.35156907104223,92.60440474863333,3285.64892578125,26.980060856458447,203.11306609524607,SSW,-0.919732002344653,-0.39254686836490654,10779.688421660156,-3.093409199218513,BTL
51,-86.87465329330385,-37.0785978879163,94.45648631071101,3284.70849609375,26.920050246223592,203.11306608596573,SSW,-0.9197320024082348,-0.3925468682159351,10776.603022324218,-3.0853993359378364,BTL
52,-88.57807176588905,-37.80562661467979,96.308567643235,3283.8095703125,25.89007105409054,203.11306608596573,SSW,-0.9197320024082348,-0.3925468682159351,10773.653790664062,-2.9492316601554194,BTL
53,-90.28149004235333,-38.532655257737744,98.16064876252194,3282.9892578125,23.889219336442455,203.11306608596573,SSW,-0.9197320024082348,-0.3925468682159351,10770.962476601562,-2.691314062500169,BTL
54,-91.98490813831881,-39.25968382375779,100.01272968555739,3282.207275390625,22.890359961068107,203.11306608596573,SSW,-0.9197320024082348,-0.3925468682159351,10768.396917392578,-2.5655592089842685,BTL
55,-93.68832606528305,-39.98671231764714,101.8648104248423,3281.463623046875,21.876577490552023,203.11306608596573,SSW,-0.9197320024082348,-0.3925468682159351,10765.95711303711,-2.439804355468368,BTL
56,-95.39174383256199,-40.71374074338189,103.71689099050566,3280.75830078125,20.848183861491847,203.11306608596573,SSW,-0.9197320024082348,-0.3925468682159351,10763.643063535155,-2.314049501954287,BTL
57,-97.09516144866838,-41.44076910459534,105.56897139180316,3280.091552734375,19.798851772525662,203.11306608596573,SSW,-0.9197320024082348,-0.3925468682159351,10761.455569873047,-2.187493662107954,BTL
58,-98.79857894175166,-42.16779741330181,107.42105165934092,3279.576416015625,15.543350872989825,203.11306608596573,SSW,-0.9197320024082348,-0.3925468682159351,10759.765488720703,-1.6900811523446464,BTL
59,-100.50199634059327,-42.894825681785406,109.27313182441223,3279.13916015625,13.283669587543397,203.11306608596573,SSW,-0.9197320024082348,-0.3925468682159351,10758.330922207031,-1.434566513671598,BTL
60,-102.20541365594589,-43.62185391463542,111.12521189870819,3278.69482421875,13.490957064448452,203.11306608596573,SSW,-0.9197320024082348,-0.3925468682159351,10756.873127089844,-1.4577951171868335,BTL
61,-103.908830886134,-44.348882111462906,112.97729188053509,3278.243408203125,13.697885362337288,203.11306609524607,SSW,-0.919732002344653,-0.39254686836490654,10755.39210336914,-1.481023720703888,BTL
62,-105.61224802743256,-45.075910271554065,114.82937176618671,3277.78515625,13.897333250468174,203.11306612945307,SSW,-0.9197320021102925,-0.39254686891401,10753.88865203125,-1.5034513378905103,BTL
63,-107.31566508072473,-45.80293839255519,116.68145155555136,3277.31982421875,14.10354265899235,203.11306608596573,SSW,-0.9197320024082348,-0.3925468682159351,10752.361972089844,-1.526679941405746,BTL
64,-109.01908201959537,-46.52996646472055,118.53353122050854,3276.676513671875,19.154413221615794,203.11306608596573,SSW,-0.9197320024082348,-0.3925468682159351,10750.251373115234,-2.110598974610184,BTL
65,-110.72249881193292,-47.25699447434475,120.38561072614421,3275.973388671875,20.78880656486263,203.11306608596573,SSW,-0.9197320024082348,-0.3925468682159351,10747.944532490234,-2.3068406250004045,BTL
66,-112.42591544318495,-47.984022415216735,122.23769005663591,3275.22119140625,22.103872877012236,203.11306608596573,SSW,-0.9197320024082348,-0.3925468682159351,10745.476693613282,-2.467838876951646,BTL
67,-114.12933190292412,-48.71105028288605,124.08976920064627,3274.4296875,23.1399088797349,203.11306608596573,SSW,-0.9197320024082348,-0.3925468682159351,10742.8798959375,-2.5967976757819997,BTL
68,-115.83274818324725,-49.43807807397957,125.94184814958236,3273.62158203125,23.57277175764565,203.11306608596573,SSW,-0.9197320024082348,-0.3925468682159351,10740.228631191407,-2.6512647460931476,BTL
69,-117.53616427742209,-50.165105785623936,127.79392689612439,3272.79638671875,24.015404487809693,203.11306608596573,SSW,-0.9197320024082348,-0.3925468682159351,10737.521297402343,-2.707333789063341,BTL
70,-119.23958013708864,-50.89213339717883,129.64600538769184,3271.597412109375,32.91768980716068,203.11306608596573,SSW,-0.9197320024082348,-0.3925468682159351,10733.587653544922,-3.933643857420975,BTL
71,-120.94299570560283,-51.619160884468236,131.4980835626971,3270.379638671875,33.32561172239089,203.11306608596573,SSW,-0.9197320024082348,-0.3925468682159351,10729.592333740235,-3.995319804687824,BTL
72,-122.6464109840773,-52.3461882482932,133.350161422478,3269.181396484375,32.901729094612996,203.11306609524607,SSW,-0.919732002344653,-0.39254686836490654,10725.661092841798,-3.931240898436954,BTL
73,-124.34982598038647,-53.073215491362234,135.20223897534007,3268.00244140625,32.4791244581684,203.11306608596573,SSW,-0.9197320024082348,-0.3925468682159351,10721.793129863281,-3.867962978516516,BTL
74,-126.05324069719293,-53.80024261513792,137.05431622430632,3266.8427734375,32.05251370749343,203.11306608596573,SSW,-0.9197320024082348,-0.3925468682159351,10717.988444804687,-3.8046850585942593,BTL
75,-127.75665514178229,-54.52726962272979,138.90639317729818,3265.71044921875,31.440813149315556,203.11306608596573,SSW,-0.9197320024082348,-0.3925468682159351,10714.273470214845,-3.7149745898423134,BTL
76,-129.46006933638188,-55.2542965236246,140.7584698584829,3264.714599609375,28.26663097417664,203.11306608596573,SSW,-0.9197320024082348,-0.3925468682159351,10711.006246982422,-3.2672232324221113,BTL
77,-131.16348329939626,-55.98132332567752,142.6105462878712,3263.73486328125,27.87854778012564,203.11306608596573,SSW,-0.9197320024082348,-0.3925468682159351,10707.791888847656,-3.2143581347663712,BTL
78,-132.86689703822742,-56.70835003204777,144.46262247351106,3262.771240234375,27.487663307194712,203.11306608596573,SSW,-0.9197320024082348,-0.3925468682159351,10704.630395810547,-3.161493037108812,BTL
79,-134.57031055487445,-57.43537664358856,146.31469841757607,3261.823486328125,27.099969674356725,203.11306608596573,SSW,-0.9197320024082348,-0.3925468682159351,10701.520966884766,-3.1094289257816854,BTL
80,-136.27372385582154,-58.16240316306738,148.1667741271163,3260.901611328125,26.46193298019726,203.11306608596573,SSW,-0.9197320024082348,-0.3925468682159351,10698.496442509766,-3.0245243749996007,BTL
81,-137.97713694938628,-58.88942959403423,150.01884961117526,3260.030029296875,25.201556677548748,203.11306608596573,SSW,-0.9197320024082348,-0.3925468682159351,10695.636921318359,-2.8595211914071115,BTL
82,-139.68054985709824,-59.61645594567806,151.87092489316146,3259.250732421875,22.819875641853347,203.11306608596573,SSW,-0.9197320024082348,-0.3925468682159351,10693.080172958984,-2.5567483593749785,BTL
83,-141.38396259226667,-60.34348222400549,153.72299998767372,3258.491943359375,22.278750803143208,203.11306609524607,SSW,-0.919732002344653,-0.39254686836490654,10690.590707451172,-2.489465507811474,BTL
84,-143.08737516078327,-61.0705084308788,155.5750749008619,3257.754150390625,21.720370175895106,203.11306608596573,SSW,-0.9197320024082348,-0.3925468682159351,10688.170126767578,-2.4205806835943804,BTL
85,-144.79078757087228,-61.79753457013431,157.42714964179595,3257.037109375,21.164188526817128,203.11306608596573,SSW,-0.9197320024082348,-0.3925468682159351,10685.817629921876,-2.3524968457022624,BTL
86,-146.4941998247603,-62.52456064272235,159.27922421289688,3256.3408203125,20.603794742516797,203.11306608596573,SSW,-0.9197320024082348,-0.3925468682159351,10683.533216914062,-2.2844130078137823,BTL
87,-148.19761193029083,-63.25158665351896,161.13129862329262,3255.672119140625,19.85238245363693,203.11306612945307,SSW,-0.9197320021102925,-0.39254686891401,10681.339315361329,-2.193901552733223,BTL
88,-149.90102389759434,-63.97861260379109,162.98337288279785,3255.044677734375,18.71523266725439,203.11306608596573,SSW,-0.9197320024082348,-0.3925468682159351,10679.280780498048,-2.0585348632812384,BTL
89,-151.60443573326634,-64.70563849788215,164.8354469991837,3254.44970703125,17.809387796415123,203.11306608596573,SSW,-0.9197320024082348,-0.3925468682159351,10677.328776816406,-1.9520036816411448,BTL
90,-153.30784745054936,-65.43266434144411,166.68752098684834,3253.8876953125,16.88041685990088,203.11306608596573,SSW,-0.9197320024082348,-0.3925468682159351,10675.484906289063,-1.8438705273438245,BTL
91,-155.01125905453452,-66.1596901366499,168.53959485132725,3253.3583984375,15.949197323244091,203.11306608596573,SSW,-0.9197320024082348,-0.3925468682159351,10673.748367929687,-1.7365383593751176,BTL
92,-156.71467055465448,-66.88671588752543,170.39166860287634,3252.862060546875,15.002200100157651,203.11306608596573,SSW,-0.9197320024082348,-0.3925468682159351,10672.11996272461,-1.6284052050777973,BTL
93,-158.41808195758216,-67.61374159691873,172.24374224875083,3252.3720703125,14.818831359194014,203.11306608596573,SSW,-0.9197320024082348,-0.3925468682159351,10670.512383164063,-1.6075795605465828,BTL
94,-160.12149325326712,-68.3407672608664,174.09581577815123,3251.804931640625,17.025542944039167,203.11306609524607,SSW,-0.919732002344653,-0.39254686836490654,10668.651691923827,-1.8606912402356102,BTL
95,-161.82490443138744,-69.06779287431064,175.94788917959872,3251.24072265625,16.942644544207944,203.11306608596573,SSW,-0.9197320024082348,-0.3925468682159351,10666.800612519532,-1.8510794042958878,BTL
96,-163.52831549354258,-69.79481843826028,177.79996245496037,3250.678955078125,16.873506820116816,203.11306608596573,SSW,-0.9197320024082348,-0.3925468682159351,10664.957542978516,-1.8430695410152111,BTL
97,-165.23172644004057,-70.5218439528468,179.65203560457107,3250.1201171875,16.790474478957982,203.11306608596573,SSW,-0.9197320024082348,-0.3925468682159351,10663.124085273437,-1.8334577050791268,BTL
98,-166.9351372704295,-71.24886941787729,181.50410862793947,3249.56396484375,16.714297730388726,203.11306608596573,SSW,-0.9197320024082348,-0.3925468682159351,10661.29943841797,-1.8246468554680177,BTL
99,-168.63854799063517,-71.97589483588095,183.35618153150864,3249.043701171875,15.690522650105892,203.11306608596573,SSW,-0.9197320024082348,-0.3925468682159351,10659.592536552735,-1.706901865234613,BTL
